ParName   Value   Gradient
log_rec_dev(1932)    -0.814036 -1.36628e-007
log_rec_dev(1933)    -0.824169 -1.51563e-007
log_rec_dev(1934)    -0.835399 -1.68035e-007
log_rec_dev(1935)    -0.847705 -1.8606e-007
log_rec_dev(1936)    -0.860303 -2.0445e-007
log_rec_dev(1937)    -0.874318 -2.24763e-007
log_rec_dev(1938)    -0.890118 -2.47397e-007
log_rec_dev(1939)    -0.907374 -2.7213e-007
log_rec_dev(1940)    -0.925299 -2.98248e-007
log_rec_dev(1941)    -0.944283 -3.25854e-007
log_rec_dev(1942)    -0.964427 -3.54536e-007
log_rec_dev(1943)    -0.984843 -3.82857e-007
log_rec_dev(1944)     -1.00514 -4.09129e-007
log_rec_dev(1945)     -1.02439 -4.29813e-007
log_rec_dev(1946)     -1.04081 -4.38898e-007
log_rec_dev(1947)     -1.05151 -4.26673e-007
log_rec_dev(1948)      -1.0526 -3.79259e-007
log_rec_dev(1949)     -1.03879 -2.79217e-007
log_rec_dev(1950)     -1.00363 -1.10351e-007
log_rec_dev(1951)    -0.942497 1.31892e-007
log_rec_dev(1952)    -0.855962 4.30034e-007
log_rec_dev(1953)    -0.757268 7.40933e-007
log_rec_dev(1954)    -0.660911  1.0156e-006
log_rec_dev(1955)    -0.582608 1.22656e-006
log_rec_dev(1956)    -0.526631 1.38167e-006
log_rec_dev(1957)       1.9056 1.42906e-005
log_rec_dev(1958)    -0.426318 1.63723e-006
log_rec_dev(1959)    -0.375512 1.72645e-006
log_rec_dev(1960)    -0.352722 1.71064e-006
log_rec_dev(1961)    -0.387114  1.5339e-006
log_rec_dev(1962)    -0.496973 1.23176e-006
log_rec_dev(1963)    -0.621994 9.62317e-007
log_rec_dev(1964)    -0.721306 7.95651e-007
log_rec_dev(1965)    -0.765111 7.50409e-007
log_rec_dev(1966)    -0.757527 7.91316e-007
log_rec_dev(1967)    -0.704918 8.47461e-007
log_rec_dev(1968)    -0.641661 7.82975e-007
log_rec_dev(1969)    -0.564919 4.90752e-007
log_rec_dev(1970)    -0.455452 -1.23071e-007
log_rec_dev(1971)    -0.403912 -1.13564e-006
log_rec_dev(1972)    -0.536562 -2.23446e-006
log_rec_dev(1973)    -0.739208 -3.22958e-006
log_rec_dev(1974)    -0.820378 -4.61848e-006
log_rec_dev(1975)     -0.78024 -6.79002e-006
log_rec_dev(1976)    -0.925287 -7.4465e-006
log_rec_dev(1977)     -1.12599 -4.96837e-006
log_rec_dev(1978)     -1.02161 -1.69863e-006
log_rec_dev(1979)     0.750763 3.40587e-006
log_rec_dev(1980)     0.377667 6.18234e-006
log_rec_dev(1981)    -0.648415 3.59143e-007
log_rec_dev(1982)     0.433124 -4.63443e-006
log_rec_dev(1983)     0.180369 6.52616e-007
log_rec_dev(1984)   -0.0650423 5.61271e-006
log_rec_dev(1985)     -1.62261 1.62269e-006
log_rec_dev(1986)    -0.468578 9.49884e-006
log_rec_dev(1987)    -0.883865 8.85961e-006
log_rec_dev(1988)     -2.06722 1.92854e-006
log_rec_dev(1989)     -1.79864 2.07149e-006
log_rec_dev(1990)      -1.1109 5.16536e-006
log_rec_dev(1991)    -0.399454 1.80773e-005
log_rec_dev(1992)     -1.82638 2.14187e-006
log_rec_dev(1993)     -0.34251 -3.90303e-006
log_rec_dev(1994)     -1.79752 2.37168e-008
log_rec_dev(1995)     -1.58607  7.7807e-006
log_rec_dev(1996)     -1.14033 1.36968e-005
log_rec_dev(1997)    -0.521187 -5.77256e-006
log_rec_dev(1998)     -1.42265 -6.38088e-006
log_rec_dev(1999)    0.0334294 -1.19872e-005
log_rec_dev(2000)    -0.816421 -9.39299e-007
log_rec_dev(2001)    -0.816025 -9.59083e-007
log_rec_dev(2002)     0.201787 -1.49616e-005
log_rec_dev(2003)     -1.02689 -6.33367e-006
log_rec_dev(2004)     -1.28637 -2.17895e-006
log_rec_dev(2005)     -1.09144 8.43315e-007
log_rec_dev(2006)     -1.57272 -7.62231e-007
log_rec_dev(2007)     -1.24311 -6.95027e-007
log_rec_dev(2008)     -1.28992 3.29247e-006
log_rec_dev(2009)    -0.837895  2.2748e-006
log_rec_dev(2010)     -0.44394 -7.87518e-006
log_rec_dev(2011)     -1.35724 -6.45546e-006
log_rec_dev(2012)     -1.02949 -8.19053e-006
log_rec_dev(2013)     -2.16735 2.37955e-006
log_rec_dev(2014)     -1.52897 9.22052e-006
log_rec_dev(2015)    -0.830498  2.4363e-005
log_rec_dev(2016)     0.371161 -4.31379e-006
log_rec_dev(2017)    -0.403675 -1.29054e-005
log_rec_dev(2018)      1.00866 -2.18788e-006
log_rec_dev(2019)     0.844323 9.20041e-006
log_rec_dev(2020)     0.279302 -2.20601e-006
log_rec_dev(2021)     0.997177 -1.26838e-005
log_mean_rec      2.78867 7.17435e-005
mF50    0.0585263 6.14333e-006
mF40      0.08109 -5.75378e-006
mF35    0.0955552 1.12458e-005
logm     -2.25412 -2.16454e-005
log_avg_F_fish1     -2.97315 5.13505e-006
log_F_devs_fish1(1960)     -1.90323 -1.58432e-006
log_F_devs_fish1(1961)    -0.354889 1.44219e-006
log_F_devs_fish1(1962)    0.0741528 2.77186e-006
log_F_devs_fish1(1963)    -0.883011 1.05904e-006
log_F_devs_fish1(1964)     -2.08772 3.70622e-007
log_F_devs_fish1(1965)     -3.40925 -4.59409e-006
log_F_devs_fish1(1966)     -1.97303 -1.28308e-006
log_F_devs_fish1(1967)     -1.92394 -9.52594e-007
log_F_devs_fish1(1968)    -0.824279 -3.14682e-006
log_F_devs_fish1(1969)    -0.436157 -6.4524e-008
log_F_devs_fish1(1970)    0.0359542 5.66587e-008
log_F_devs_fish1(1971)     0.142066 1.63539e-006
log_F_devs_fish1(1972)     0.476051 1.31355e-007
log_F_devs_fish1(1973)     0.387717 -1.13159e-006
log_F_devs_fish1(1974)     0.583829 -2.55785e-007
log_F_devs_fish1(1975)     0.588439 -5.85618e-008
log_F_devs_fish1(1976)     0.769625 -6.3026e-007
log_F_devs_fish1(1977)     0.552106 8.89322e-008
log_F_devs_fish1(1978)    -0.139958 1.06322e-006
log_F_devs_fish1(1979)     -0.04031 7.44773e-007
log_F_devs_fish1(1980)    -0.292599 1.13102e-006
log_F_devs_fish1(1981)   -0.0681944 1.30837e-006
log_F_devs_fish1(1982)    -0.214367 2.33734e-006
log_F_devs_fish1(1983)    -0.299102 2.24596e-006
log_F_devs_fish1(1984)    -0.377085 1.63499e-006
log_F_devs_fish1(1985)    -0.213916 1.34831e-007
log_F_devs_fish1(1986)     0.252528 1.24314e-006
log_F_devs_fish1(1987)      0.49481 -1.57098e-006
log_F_devs_fish1(1988)     0.587774 -2.29463e-006
log_F_devs_fish1(1989)     0.593072 -6.93311e-007
log_F_devs_fish1(1990)     0.572091 -1.38217e-006
log_F_devs_fish1(1991)     0.507691 -1.21199e-006
log_F_devs_fish1(1992)     0.439335 -6.49122e-007
log_F_devs_fish1(1993)     0.570269 9.45216e-007
log_F_devs_fish1(1994)     0.545146 1.70064e-006
log_F_devs_fish1(1995)     0.362376 -1.09766e-007
log_F_devs_fish1(1996)     0.251755 1.79996e-006
log_F_devs_fish1(1997)     0.171459 1.68757e-006
log_F_devs_fish1(1998)     0.191808 2.50914e-006
log_F_devs_fish1(1999)     0.184359 2.00055e-006
log_F_devs_fish1(2000)     0.382373 -1.25552e-006
log_F_devs_fish1(2001)     0.291702 1.42421e-006
log_F_devs_fish1(2002)     0.284885 7.88137e-007
log_F_devs_fish1(2003)     0.399225 2.40587e-006
log_F_devs_fish1(2004)     0.461368 3.76997e-006
log_F_devs_fish1(2005)      0.35801 3.30139e-006
log_F_devs_fish1(2006)     0.296828 1.22946e-006
log_F_devs_fish1(2007)     0.344394   1.522e-006
log_F_devs_fish1(2008)     0.288867 -1.27386e-006
log_F_devs_fish1(2009)     0.225756 1.71296e-006
log_F_devs_fish1(2010)     0.180019 8.68735e-007
log_F_devs_fish1(2011)     0.303035 1.88876e-006
log_F_devs_fish1(2012)     0.403978 3.26931e-007
log_F_devs_fish1(2013)      0.40512 1.30923e-006
log_F_devs_fish1(2014)     0.239436 4.40892e-007
log_F_devs_fish1(2015)      0.21067 -6.9797e-007
log_F_devs_fish1(2016)    0.0451438 2.08965e-006
log_F_devs_fish1(2017)    0.0904157 1.42972e-006
log_F_devs_fish1(2018)  -0.00763642 1.32281e-006
log_F_devs_fish1(2019)    -0.142191 1.67492e-006
log_F_devs_fish1(2020)    -0.370726 3.60786e-007
log_F_devs_fish1(2021)    -0.211585  2.1482e-006
log_F_devs_fish1(2022)   -0.0619774 2.11811e-006
log_avg_F_fish3     -4.67069 4.79121e-006
log_F_devs_fish3(1960)     -4.23609 -1.81192e-007
log_F_devs_fish3(1961)     -4.29607 4.62574e-007
log_F_devs_fish3(1962)     -4.31282 -6.6418e-007
log_F_devs_fish3(1963)    0.0642891 6.88804e-007
log_F_devs_fish3(1964)    -0.370983 1.18259e-006
log_F_devs_fish3(1965)     0.322931 7.41483e-007
log_F_devs_fish3(1966)       0.7829 5.13719e-007
log_F_devs_fish3(1967)      1.10654 7.10419e-007
log_F_devs_fish3(1968)      1.44439 -9.90251e-007
log_F_devs_fish3(1969)      1.61645 -1.52505e-006
log_F_devs_fish3(1970)      1.36702 2.38719e-007
log_F_devs_fish3(1971)      1.77382 1.37552e-006
log_F_devs_fish3(1972)      2.05388 -1.16461e-006
log_F_devs_fish3(1973)       1.5746 2.72536e-006
log_F_devs_fish3(1974)       1.2464  3.2324e-006
log_F_devs_fish3(1975)     0.995822 1.59016e-006
log_F_devs_fish3(1976)      1.01903 8.56712e-007
log_F_devs_fish3(1977)     0.158244 1.83235e-006
log_F_devs_fish3(1978)    -0.542146 -1.68411e-007
log_F_devs_fish3(1979)    -0.397829 3.25811e-007
log_F_devs_fish3(1980)    -0.234976 7.27862e-007
log_F_devs_fish3(1981)    -0.565164 -8.39488e-007
log_F_devs_fish3(1982)    -0.567293 6.43719e-007
log_F_devs_fish3(1983)    -0.795496 -7.23196e-007
log_F_devs_fish3(1984)   -0.0254065 -6.86605e-007
log_F_devs_fish3(1985)    -0.995815 -1.00403e-006
log_F_devs_fish3(1986)     0.574286 1.42243e-006
log_F_devs_fish3(1987)     0.650347 2.16927e-006
log_F_devs_fish3(1988)     0.907019 -1.13002e-006
log_F_devs_fish3(1989)     0.792101 1.30487e-006
log_F_devs_fish3(1990)     0.453198 -1.90084e-008
log_F_devs_fish3(1991)       0.1248 6.96549e-007
log_F_devs_fish3(1992)     0.145811 3.34585e-007
log_F_devs_fish3(1993)    0.0644608 -3.05904e-007
log_F_devs_fish3(1994)      0.29325 1.23138e-006
log_F_devs_fish3(1995)     0.246519  1.6592e-006
log_F_devs_fish3(1996)     0.138099 1.01314e-006
log_F_devs_fish3(1997)    -0.108697 3.59449e-007
log_F_devs_fish3(1998)    -0.161928 5.07189e-007
log_F_devs_fish3(1999)     0.113507 -3.87531e-007
log_F_devs_fish3(2000)     0.112924 1.68151e-007
log_F_devs_fish3(2001)   -0.0332933 4.24358e-007
log_F_devs_fish3(2002)     0.129671 1.87532e-007
log_F_devs_fish3(2003)  -0.00315957 8.76984e-007
log_F_devs_fish3(2004)    -0.243163 -1.05016e-007
log_F_devs_fish3(2005)    -0.307085 1.13558e-006
log_F_devs_fish3(2006)    -0.507483 1.30834e-006
log_F_devs_fish3(2007)    -0.478515 6.38886e-007
log_F_devs_fish3(2008)     -0.52484 1.40596e-007
log_F_devs_fish3(2009)    -0.542754 1.18369e-006
log_F_devs_fish3(2010)    -0.576682 8.97755e-007
log_F_devs_fish3(2011)    -0.396222 -1.95493e-007
log_F_devs_fish3(2012)      -0.4407 8.25064e-007
log_F_devs_fish3(2013)     -0.46376 7.80267e-007
log_F_devs_fish3(2014)    -0.430027 8.03947e-007
log_F_devs_fish3(2015)    -0.336923 7.67945e-007
log_F_devs_fish3(2016)    -0.190641 -4.75692e-007
log_F_devs_fish3(2017)     0.264794 3.28774e-008
log_F_devs_fish3(2018)       0.5753 8.58007e-007
log_F_devs_fish3(2019)     0.645636 6.39312e-007
log_F_devs_fish3(2020)     0.819795 1.39081e-006
log_F_devs_fish3(2021)     0.184204 2.41621e-008
log_F_devs_fish3(2022)      0.32392 6.06034e-007
log_q_srv1       1.9064  3.6917e-006
log_q_srv2      1.57427 8.74453e-006
log_q_srv5      1.36608 1.87576e-006
log_q_srv6      2.51801 2.96817e-006
log_q_srv7    0.0154995 4.78483e-006
log_q_srv8      1.77467 -5.48772e-006
log_q_LL_fish_recent     0.968406 -1.21463e-006
log_a50_fish1_f      1.34135 -4.79297e-006
log_delta_fish1_f    -0.711843 -6.72068e-005
log_a50_fish1_m      1.98408 2.74151e-006
log_a50_fish2       2.5915 -1.30958e-005
log_a50_fish3_f       1.8212 5.72629e-006
log_delta_fish3_f      2.40086 4.85948e-008
log_a50_fish3_m      2.18361 1.22159e-005
log_a50_fish4_f       1.2053 -1.7965e-005
log_delta_fish4_f     0.564897 6.49108e-006
log_a50_fish4_m      1.50205 7.89704e-006
log_delta_fish4_m    -0.104329 -1.99962e-005
log_a50_fish5_f     0.622769 -9.73781e-006
log_delta_fish5_f     0.908422 -1.05088e-005
log_a50_fish5_m      1.34464 -4.12176e-005
log_delta_fish5_m    -0.735469  -4.168e-005
log_a50_srv1_f        1.054 -5.69024e-005
log_delta_srv1_f      1.32254 -3.91896e-005
log_a50_srv1_m     0.999485 -6.0251e-005
log_delta_srv1_m     0.708263 1.98069e-005
log_a50_srv2_f     0.870325 -4.22048e-006
log_a50_srv2_m       1.2244 -4.5662e-006
log_a50_srv7_f    -0.314413 1.40389e-005
log_a50_srv7_m     -1.24393 1.39335e-005
log_a50_srv10_f     0.560827 -2.92261e-006
log_a50_srv10_m     0.564314 4.41258e-006
